0	9616
1	9
10	423
11	337
12	375
13	431
14	492
15	639
16	656
17	732
18	740
19	700
2	91
20	761
21	794
22	907
23	1006
24	1075
25	1139
26	1205
27	1211
28	1113
29	1104
3	102
30	1155
31	1146
32	1150
33	1370
34	1747
35	2021
36	2633
37	3224
38	3834
39	4306
4	215
40	4980
41	5267
42	5451
43	5189
44	4991
45	4509
46	4078
47	3410
48	3089
49	2609
5	268
50	2335
51	2079
52	1745
53	1624
54	1667
55	1351
56	1275
57	1174
58	1330
59	1307
6	328
60	2066
61	1582
62	1902
63	2191
64	2047
65	2611
66	841
67	1168
68	48
69	31
7	355
70	31
71	18
72	21
73	20
74	19
75	15
76	9
77	8
78	2
8	416
81	1
9	539
